Plattner4andDip_2
1
11
11
Type of measurement (0=app.resistivity,1=resistance)
1
528
2
0
4	37.2096453017593	4.703	46.1325149868387	2.7728	41.268650578523	4.4587	42.2557860302273	4.3387	1.36225334172868
4	37.2096453017593	4.703	46.1325149868387	2.7728	40.2321252234567	4.5102	43.1699913815944	3.8625	6.88120603255836
4	37.2096453017593	4.703	46.1325149868387	2.7728	39.2592273170099	4.6108	44.1201335060649	3.504	20.4869691604872
4	34.2204124327666	4.7822	51.8545018599656	1.6344	42.2557860302273	4.3387	44.1201335060649	3.504	1.21569312297911
4	34.2204124327666	4.7822	51.8545018599656	1.6344	40.2321252234567	4.5102	46.1325149868387	2.7728	4.98491444751826
4	34.2204124327666	4.7822	51.8545018599656	1.6344	38.2188855428393	4.643	47.7696621374766	2.1986	12.6184741945488
4	33.2579701211473	4.7983	50.8204561800264	1.733	37.2096453017593	4.703	46.910409933248	2.5158	11.8609703356197
4	33.2579701211473	4.7983	50.8204561800264	1.733	35.2072992693849	4.7922	48.8899545193615	1.9997	34.1391907550258
4	33.2579701211473	4.7983	42.2557860302273	4.3387	37.2096453017593	4.703	38.2188855428393	4.643	1.91111385188851
4	33.2579701211473	4.7983	42.2557860302273	4.3387	36.1462715000463	4.7753	39.2592273170099	4.6108	6.60317906311487
4	33.2579701211473	4.7983	42.2557860302273	4.3387	34.2204124327666	4.7822	41.268650578523	4.4587	46.0011975146597
4	44.1201335060649	3.504	45.1016905477049	3.0667	42.2557860302273	4.3387	43.1699913815944	3.8625	-28.2383265169348
4	44.1201335060649	3.504	45.1016905477049	3.0667	40.2321252234567	4.5102	41.268650578523	4.4587	-0.722098718017266
4	32.1358667973548	4.8142	49.8420304649365	1.8621	38.2188855428393	4.643	44.1201335060649	3.504	3.55525647534876
4	32.1358667973548	4.8142	49.8420304649365	1.8621	34.2204124327666	4.7822	47.7696621374766	2.1986	33.1820331749787
4	30.1144829782938	4.8327	39.2592273170099	4.6108	34.2204124327666	4.7822	35.2072992693849	4.7922	2.26159577996325
4	30.1144829782938	4.8327	39.2592273170099	4.6108	33.2579701211473	4.7983	36.1462715000463	4.7753	7.57117116349825
4	30.1144829782938	4.8327	39.2592273170099	4.6108	32.1358667973548	4.8142	37.2096453017593	4.703	15.4149626865726
4	42.2557860302273	4.3387	50.8204561800264	1.733	46.1325149868387	2.7728	46.910409933248	2.5158	4.70389558035271
4	37.2096453017593	4.703	46.1325149868387	2.7728	38.2188855428393	4.643	45.1016905477049	3.0667	73.5081928442957
4	42.2557860302273	4.3387	50.8204561800264	1.733	43.1699913815944	3.8625	49.8420304649365	1.8621	69.1883218428921
4	32.1358667973548	4.8142	41.268650578523	4.4587	36.1462715000463	4.7753	37.2096453017593	4.703	2.02224575841154
4	32.1358667973548	4.8142	41.268650578523	4.4587	35.2072992693849	4.7922	38.2188855428393	4.643	6.63529328773959
4	32.1358667973548	4.8142	41.268650578523	4.4587	34.2204124327666	4.7822	39.2592273170099	4.6108	14.1214645652514
4	41.268650578523	4.4587	49.8420304649365	1.8621	43.1699913815944	3.8625	47.7696621374766	2.1986	30.0137405555182
4	41.268650578523	4.4587	42.2557860302273	4.3387	45.1016905477049	3.0667	46.1325149868387	2.7728	-0.504953326394051
4	41.268650578523	4.4587	42.2557860302273	4.3387	43.1699913815944	3.8625	44.1201335060649	3.504	-7.54438234589239
4	30.1144829782938	4.8327	47.7696621374766	2.1986	38.2188855428393	4.643	40.2321252234567	4.5102	1.0695606003665
4	30.1144829782938	4.8327	47.7696621374766	2.1986	32.1358667973548	4.8142	46.1325149868387	2.7728	32.1706516809972
4	35.2072992693849	4.7922	52.9224363598027	1.623	41.268650578523	4.4587	46.910409933248	2.5158	6.08640241818707
4	35.2072992693849	4.7922	52.9224363598027	1.623	37.2096453017593	4.703	50.8204561800264	1.733	36.9686825718282
4	35.2072992693849	4.7922	44.1201335060649	3.504	36.1462715000463	4.7753	43.1699913815944	3.8625	69.7494692181007
4	41.268650578523	4.4587	49.8420304649365	1.8621	45.1016905477049	3.0667	46.1325149868387	2.7728	4.16703721553464
4	31.0911450138482	4.8211	48.8899545193615	1.9997	35.2072992693849	4.7922	45.1016905477049	3.0667	10.7546655219102
4	31.0911450138482	4.8211	48.8899545193615	1.9997	33.2579701211473	4.7983	46.910409933248	2.5158	34.8541950599831
4	23.1317820936303	5.0042	32.1358667973548	4.8142	27.1598981566615	4.951	28.1999503963234	4.9258	1.8962123455014
4	23.1317820936303	5.0042	32.1358667973548	4.8142	24.0759200332362	5.0024	31.0911450138482	4.8211	37.1528518456405
4	16.3147541657895	4.4181	34.2204124327666	4.7822	20.1960928551799	5.0934	30.1144829782938	4.8327	8.614823014571
4	6.77119426866916	1.0657	33.2579701211473	4.7983	18.230438421825	5.0354	21.2088805341953	5.0618	0.798192749740383
4	16.3147541657895	4.4181	34.2204124327666	4.7822	18.230438421825	5.0354	32.1358667973548	4.8142	21.4188807910079
4	7.78475695356771	1.2303	34.2204124327666	4.7822	10.6348372867451	1.8339	31.0911450138482	4.8211	17.0994111984737
4	20.1960928551799	5.0934	38.2188855428393	4.643	22.1435398610462	5.0484	36.1462715000463	4.7753	19.757484370567
4	7.78475695356771	1.2303	16.3147541657895	4.4181	9.72443151907321	1.5693	14.3503819219759	3.3299	20.8244366554607
4	8.78639694834654	1.3924	17.079108856704	4.7575	11.6020687316456	2.1622	14.3503819219759	3.3299	9.35162139487425
4	7.78475695356771	1.2303	51.8545018599656	1.6344	27.1598981566615	4.951	32.1358667973548	4.8142	0.551806526947768
4	9.72443151907321	1.5693	18.230438421825	5.0354	12.4637270479224	2.5502	15.26797477545	3.8058	7.86337726061504
4	20.1960928551799	5.0934	38.2188855428393	4.643	28.1999503963234	4.9258	30.1144829782938	4.8327	1.17132993151327
4	14.3503819219759	3.3299	23.1317820936303	5.0042	15.26797477545	3.8058	22.1435398610462	5.0484	39.4573545609014
4	14.3503819219759	3.3299	32.1358667973548	4.8142	20.1960928551799	5.0934	26.1518228938566	4.9512	4.24279492358984
4	14.3503819219759	3.3299	32.1358667973548	4.8142	16.3147541657895	4.4181	30.1144829782938	4.8327	17.3175316282837
4	11.6020687316456	2.1622	38.2188855428393	4.643	20.1960928551799	5.0934	29.1241137785604	4.8883	3.44469860127043
4	20.1960928551799	5.0934	46.910409933248	2.5158	26.1518228938566	4.9512	41.268650578523	4.4587	6.52414477443975
4	8.78639694834654	1.3924	35.2072992693849	4.7922	11.6020687316456	2.1622	32.1358667973548	4.8142	16.2717769969938
4	38.2188855428393	4.643	46.910409933248	2.5158	40.2321252234567	4.5102	45.1016905477049	3.0667	25.0952992674004
4	13.379738470056	2.9699	31.0911450138482	4.8211	15.26797477545	3.8058	29.1241137785604	4.8883	18.8355239012372
4	24.0759200332362	5.0024	50.8204561800264	1.733	36.1462715000463	4.7753	39.2592273170099	4.6108	0.787488950999005
4	22.1435398610462	5.0484	40.2321252234567	4.5102	26.1518228938566	4.9512	36.1462715000463	4.7753	8.04871103248325
4	19.224655591225	5.1148	46.1325149868387	2.7728	25.1082852981913	4.98	40.2321252234567	4.5102	7.05503416009271
4	6.77119426866916	1.0657	33.2579701211473	4.7983	15.26797477545	3.8058	24.0759200332362	5.0024	2.75179113143146
4	25.1082852981913	4.98	26.1518228938566	4.9512	21.2088805341953	5.0618	22.1435398610462	5.0484	-0.693014357063197
4	9.72443151907321	1.5693	18.230438421825	5.0354	13.379738470056	2.9699	14.3503819219759	3.3299	1.91953761020862
4	22.1435398610462	5.0484	23.1317820936303	5.0042	24.0759200332362	5.0024	25.1082852981913	4.98	-8.51549392853664
4	23.1317820936303	5.0042	32.1358667973548	4.8142	25.1082852981913	4.98	30.1144829782938	4.8327	14.5522746387519
4	29.1241137785604	4.8883	46.910409933248	2.5158	35.2072992693849	4.7922	41.268650578523	4.4587	3.91350297664689
4	32.1358667973548	4.8142	49.8420304649365	1.8621	40.2321252234567	4.5102	42.2557860302273	4.3387	0.706965073003566
4	27.1598981566615	4.951	45.1016905477049	3.0667	35.2072992693849	4.7922	37.2096453017593	4.703	1.54616051130592
4	27.1598981566615	4.951	45.1016905477049	3.0667	33.2579701211473	4.7983	39.2592273170099	4.6108	4.5589984720345
4	20.1960928551799	5.0934	38.2188855428393	4.643	24.0759200332362	5.0024	34.2204124327666	4.7822	7.81317798331996
4	10.6348372867451	1.8339	37.2096453017593	4.703	19.224655591225	5.1148	28.1999503963234	4.9258	3.31926797834005
4	6.77119426866916	1.0657	24.0759200332362	5.0024	10.6348372867451	1.8339	20.1960928551799	5.0934	10.6697652211496
4	22.1435398610462	5.0484	40.2321252234567	4.5102	24.0759200332362	5.0024	38.2188855428393	4.643	18.7606780326151
4	13.379738470056	2.9699	31.0911450138482	4.8211	21.2088805341953	5.0618	23.1317820936303	5.0042	1.30320303236184
4	19.224655591225	5.1148	46.1325149868387	2.7728	31.0911450138482	4.8211	34.2204124327666	4.7822	1.08645223999517
4	7.78475695356771	1.2303	25.1082852981913	4.98	9.72443151907321	1.5693	23.1317820936303	5.0042	25.772049062794
4	14.3503819219759	3.3299	15.26797477545	3.8058	10.6348372867451	1.8339	11.6020687316456	2.1622	-0.589658047593336
4	27.1598981566615	4.951	36.1462715000463	4.7753	31.0911450138482	4.8211	32.1358667973548	4.8142	1.70913250164059
4	15.26797477545	3.8058	50.8204561800264	1.733	31.0911450138482	4.8211	35.2072992693849	4.7922	0.788923539708323
4	41.268650578523	4.4587	49.8420304649365	1.8621	42.2557860302273	4.3387	48.8899545193615	1.9997	78.5832274218783
4	36.1462715000463	4.7753	45.1016905477049	3.0667	37.2096453017593	4.703	44.1201335060649	3.504	61.7585910187199
4	16.3147541657895	4.4181	17.079108856704	4.7575	12.4637270479224	2.5502	13.379738470056	2.9699	-0.482404719716931
4	14.3503819219759	3.3299	32.1358667973548	4.8142	22.1435398610462	5.0484	24.0759200332362	5.0024	1.40084278503022
4	9.72443151907321	1.5693	27.1598981566615	4.951	11.6020687316456	2.1622	25.1082852981913	4.98	22.3585223967088
4	20.1960928551799	5.0934	46.910409933248	2.5158	32.1358667973548	4.8142	35.2072992693849	4.7922	1.14312000456685
4	8.78639694834654	1.3924	52.9224363598027	1.623	13.379738470056	2.9699	47.7696621374766	2.1986	12.6185693921396
4	27.1598981566615	4.951	36.1462715000463	4.7753	29.1241137785604	4.8883	34.2204124327666	4.7822	16.0391031055617
4	14.3503819219759	3.3299	49.8420304649365	1.8621	30.1144829782938	4.8327	34.2204124327666	4.7822	0.81387755628631
4	17.079108856704	4.7575	18.230438421825	5.0354	15.26797477545	3.8058	16.3147541657895	4.4181	-14.7705147590527
4	22.1435398610462	5.0484	23.1317820936303	5.0042	20.1960928551799	5.0934	21.2088805341953	5.0618	-8.01308122190398
4	14.3503819219759	3.3299	49.8420304649365	1.8621	26.1518228938566	4.9512	38.2188855428393	4.643	2.81945696753599
4	7.78475695356771	1.2303	43.1699913815944	3.8625	23.1317820936303	5.0042	27.1598981566615	4.951	0.919104870091187
4	40.2321252234567	4.5102	48.8899545193615	1.9997	42.2557860302273	4.3387	46.910409933248	2.5158	31.0943869711818
4	12.4637270479224	2.5502	39.2592273170099	4.6108	21.2088805341953	5.0618	30.1144829782938	4.8327	3.64580202773306
4	8.78639694834654	1.3924	35.2072992693849	4.7922	20.1960928551799	5.0934	23.1317820936303	5.0042	0.929217120941801
4	15.26797477545	3.8058	42.2557860302273	4.3387	18.230438421825	5.0354	39.2592273170099	4.6108	14.4900178983171
4	24.0759200332362	5.0024	50.8204561800264	1.733	30.1144829782938	4.8327	45.1016905477049	3.0667	6.50612590537293
4	23.1317820936303	5.0042	32.1358667973548	4.8142	26.1518228938566	4.9512	29.1241137785604	4.8883	6.28809862738436
4	15.26797477545	3.8058	50.8204561800264	1.733	19.224655591225	5.1148	46.910409933248	2.5158	15.4668010106072
4	12.4637270479224	2.5502	39.2592273170099	4.6108	18.230438421825	5.0354	33.2579701211473	4.7983	6.68322307406944
4	8.78639694834654	1.3924	35.2072992693849	4.7922	17.079108856704	4.7575	26.1518228938566	4.9512	2.96451541547148
4	24.0759200332362	5.0024	50.8204561800264	1.733	27.1598981566615	4.951	47.7696621374766	2.1986	20.5357463865203
4	15.26797477545	3.8058	42.2557860302273	4.3387	21.2088805341953	5.0618	36.1462715000463	4.7753	7.44641759704611
4	12.4637270479224	2.5502	47.7696621374766	2.1986	20.1960928551799	5.0934	40.2321252234567	4.5102	6.20904743571903
4	38.2188855428393	4.643	46.910409933248	2.5158	42.2557860302273	4.3387	43.1699913815944	3.8625	2.29661062796559
4	14.3503819219759	3.3299	32.1358667973548	4.8142	18.230438421825	5.0354	28.1999503963234	4.9258	8.14245874220478
4	11.6020687316456	2.1622	38.2188855428393	4.643	17.079108856704	4.7575	32.1358667973548	4.8142	6.270616612455
4	16.3147541657895	4.4181	43.1699913815944	3.8625	28.1999503963234	4.9258	31.0911450138482	4.8211	1.13908654324872
4	28.1999503963234	4.9258	29.1241137785604	4.8883	30.1144829782938	4.8327	31.0911450138482	4.8211	-6.10803920577346
4	29.1241137785604	4.8883	30.1144829782938	4.8327	25.1082852981913	4.98	26.1518228938566	4.9512	-0.765695967781236
4	7.78475695356771	1.2303	25.1082852981913	4.98	15.26797477545	3.8058	17.079108856704	4.7575	1.22571069013664
4	19.224655591225	5.1148	28.1999503963234	4.9258	23.1317820936303	5.0042	24.0759200332362	5.0024	2.13169765710355
4	21.2088805341953	5.0618	47.7696621374766	2.1986	33.2579701211473	4.7983	36.1462715000463	4.7753	1.18725310102229
4	10.6348372867451	1.8339	19.224655591225	5.1148	14.3503819219759	3.3299	15.26797477545	3.8058	2.2101722136037
4	19.224655591225	5.1148	37.2096453017593	4.703	27.1598981566615	4.951	29.1241137785604	4.8883	1.15281083768535
4	19.224655591225	5.1148	37.2096453017593	4.703	25.1082852981913	4.98	31.0911450138482	4.8211	3.87222440800837
4	13.379738470056	2.9699	22.1435398610462	5.0484	15.26797477545	3.8058	20.1960928551799	5.0934	14.8431927572137
4	19.224655591225	5.1148	37.2096453017593	4.703	23.1317820936303	5.0042	33.2579701211473	4.7983	7.90798837010184
4	29.1241137785604	4.8883	30.1144829782938	4.8327	33.2579701211473	4.7983	34.2204124327666	4.7822	-0.734268577141501
4	7.78475695356771	1.2303	34.2204124327666	4.7822	13.379738470056	2.9699	28.1999503963234	4.9258	6.1190285548141
4	19.224655591225	5.1148	37.2096453017593	4.703	21.2088805341953	5.0618	35.2072992693849	4.7922	20.299727551321
4	24.0759200332362	5.0024	42.2557860302273	4.3387	32.1358667973548	4.8142	34.2204124327666	4.7822	1.31517245574169
4	16.3147541657895	4.4181	17.079108856704	4.7575	18.230438421825	5.0354	19.224655591225	5.1148	-18.7495013902045
4	39.2592273170099	4.6108	47.7696621374766	2.1986	42.2557860302273	4.3387	45.1016905477049	3.0667	12.4208847865229
4	11.6020687316456	2.1622	46.910409933248	2.5158	15.26797477545	3.8058	43.1699913815944	3.8625	12.3486142160499
4	35.2072992693849	4.7922	52.9224363598027	1.623	39.2592273170099	4.6108	48.8899545193615	1.9997	14.2523160305065
4	8.78639694834654	1.3924	17.079108856704	4.7575	10.6348372867451	1.8339	15.26797477545	3.8058	18.8754424469239
4	31.0911450138482	4.8211	48.8899545193615	1.9997	39.2592273170099	4.6108	41.268650578523	4.4587	0.947308528172194
4	26.1518228938566	4.9512	44.1201335060649	3.504	34.2204124327666	4.7822	36.1462715000463	4.7753	1.61963464917514
4	17.079108856704	4.7575	35.2072992693849	4.7922	23.1317820936303	5.0042	29.1241137785604	4.8883	4.18898934744892
4	26.1518228938566	4.9512	52.9224363598027	1.623	32.1358667973548	4.8142	46.910409933248	2.5158	7.67102168954328
4	6.77119426866916	1.0657	24.0759200332362	5.0024	14.3503819219759	3.3299	16.3147541657895	4.4181	1.4061996978413
4	13.379738470056	2.9699	31.0911450138482	4.8211	17.079108856704	4.7575	27.1598981566615	4.951	7.92612001674927
4	16.3147541657895	4.4181	25.1082852981913	4.98	20.1960928551799	5.0934	21.2088805341953	5.0618	1.91681420750734
4	16.3147541657895	4.4181	25.1082852981913	4.98	18.230438421825	5.0354	23.1317820936303	5.0042	16.7169348752973
4	6.77119426866916	1.0657	33.2579701211473	4.7983	12.4637270479224	2.5502	27.1598981566615	4.951	6.38953182533184
4	10.6348372867451	1.8339	46.1325149868387	2.7728	14.3503819219759	3.3299	42.2557860302273	4.3387	12.3067672771146
4	9.72443151907321	1.5693	18.230438421825	5.0354	10.6348372867451	1.8339	17.079108856704	4.7575	55.1343365690095
4	14.3503819219759	3.3299	23.1317820936303	5.0042	16.3147541657895	4.4181	21.2088805341953	5.0618	12.4631370374348
4	20.1960928551799	5.0934	38.2188855428393	4.643	26.1518228938566	4.9512	32.1358667973548	4.8142	3.67113335351431
4	43.1699913815944	3.8625	44.1201335060649	3.504	39.2592273170099	4.6108	40.2321252234567	4.5102	-0.581269816276868
4	6.77119426866916	1.0657	24.0759200332362	5.0024	8.78639694834654	1.3924	22.1435398610462	5.0484	26.6259631560428
4	16.3147541657895	4.4181	25.1082852981913	4.98	19.224655591225	5.1148	22.1435398610462	5.0484	6.58774021637151
4	13.379738470056	2.9699	48.8899545193615	1.9997	25.1082852981913	4.98	37.2096453017593	4.703	3.07767297220853
4	25.1082852981913	4.98	43.1699913815944	3.8625	29.1241137785604	4.8883	39.2592273170099	4.6108	8.68995941986307
4	42.2557860302273	4.3387	50.8204561800264	1.733	44.1201335060649	3.504	48.8899545193615	1.9997	31.1553477706936
4	14.3503819219759	3.3299	49.8420304649365	1.8621	22.1435398610462	5.0484	42.2557860302273	4.3387	5.37652514143169
4	26.1518228938566	4.9512	44.1201335060649	3.504	28.1999503963234	4.9258	42.2557860302273	4.3387	19.5959860889137
4	34.2204124327666	4.7822	35.2072992693849	4.7922	32.1358667973548	4.8142	33.2579701211473	4.7983	-11.6936143598567
4	12.4637270479224	2.5502	39.2592273170099	4.6108	24.0759200332362	5.0024	27.1598981566615	4.951	1.17294366039838
4	25.1082852981913	4.98	43.1699913815944	3.8625	31.0911450138482	4.8211	37.2096453017593	4.703	4.54797838382953
4	31.0911450138482	4.8211	32.1358667973548	4.8142	33.2579701211473	4.7983	34.2204124327666	4.7822	-7.07892512332496
4	40.2321252234567	4.5102	41.268650578523	4.4587	38.2188855428393	4.643	39.2592273170099	4.6108	-8.43860187333608
4	7.78475695356771	1.2303	16.3147541657895	4.4181	8.78639694834654	1.3924	15.26797477545	3.8058	44.5196887720604
4	16.3147541657895	4.4181	34.2204124327666	4.7822	24.0759200332362	5.0024	26.1518228938566	4.9512	1.39423207475123
4	21.2088805341953	5.0618	39.2592273170099	4.6108	29.1241137785604	4.8883	31.0911450138482	4.8211	1.18269231461236
4	21.2088805341953	5.0618	47.7696621374766	2.1986	30.1144829782938	4.8327	39.2592273170099	4.6108	3.30380953856565
4	23.1317820936303	5.0042	41.268650578523	4.4587	27.1598981566615	4.951	37.2096453017593	4.703	8.12374256410476
4	6.77119426866916	1.0657	42.2557860302273	4.3387	14.3503819219759	3.3299	34.2204124327666	4.7822	5.26239846174313
4	41.268650578523	4.4587	49.8420304649365	1.8621	44.1201335060649	3.504	46.910409933248	2.5158	15.2657689231858
4	13.379738470056	2.9699	48.8899545193615	1.9997	17.079108856704	4.7575	45.1016905477049	3.0667	14.5083172222647
4	31.0911450138482	4.8211	48.8899545193615	1.9997	37.2096453017593	4.703	43.1699913815944	3.8625	3.2786745721606
4	19.224655591225	5.1148	28.1999503963234	4.9258	21.2088805341953	5.0618	26.1518228938566	4.9512	15.261916104406
4	7.78475695356771	1.2303	34.2204124327666	4.7822	19.224655591225	5.1148	22.1435398610462	5.0484	0.82832198602026
4	24.0759200332362	5.0024	33.2579701211473	4.7983	27.1598981566615	4.951	30.1144829782938	4.8327	6.70450219270929
4	17.079108856704	4.7575	26.1518228938566	4.9512	21.2088805341953	5.0618	22.1435398610462	5.0484	1.88113084082695
4	40.2321252234567	4.5102	48.8899545193615	1.9997	43.1699913815944	3.8625	46.1325149868387	2.7728	13.9702519932316
4	26.1518228938566	4.9512	35.2072992693849	4.7922	27.1598981566615	4.951	34.2204124327666	4.7822	46.2285509727736
4	31.0911450138482	4.8211	40.2321252234567	4.5102	32.1358667973548	4.8142	39.2592273170099	4.6108	36.2860669427922
4	44.1201335060649	3.504	52.9224363598027	1.623	46.910409933248	2.5158	49.8420304649365	1.8621	17.7095796005605
4	11.6020687316456	2.1622	20.1960928551799	5.0934	14.3503819219759	3.3299	17.079108856704	4.7575	7.25793334482442
4	32.1358667973548	4.8142	33.2579701211473	4.7983	30.1144829782938	4.8327	31.0911450138482	4.8211	-6.28607508336144
4	20.1960928551799	5.0934	21.2088805341953	5.0618	16.3147541657895	4.4181	17.079108856704	4.7575	-0.691753702726501
4	18.230438421825	5.0354	45.1016905477049	3.0667	24.0759200332362	5.0024	39.2592273170099	4.6108	7.26274432937661
4	23.1317820936303	5.0042	49.8420304649365	1.8621	26.1518228938566	4.9512	46.910409933248	2.5158	20.8540042775828
4	11.6020687316456	2.1622	46.910409933248	2.5158	19.224655591225	5.1148	39.2592273170099	4.6108	6.22752046952862
4	14.3503819219759	3.3299	41.268650578523	4.4587	20.1960928551799	5.0934	35.2072992693849	4.7922	7.03381605139937
4	23.1317820936303	5.0042	41.268650578523	4.4587	25.1082852981913	4.98	39.2592273170099	4.6108	18.3089842258685
4	21.2088805341953	5.0618	30.1144829782938	4.8327	24.0759200332362	5.0024	27.1598981566615	4.951	6.55873038217262
4	17.079108856704	4.7575	52.9224363598027	1.623	29.1241137785604	4.8883	41.268650578523	4.4587	2.18719312859863
4	12.4637270479224	2.5502	21.2088805341953	5.0618	13.379738470056	2.9699	20.1960928551799	5.0934	34.6311596572927
4	6.77119426866916	1.0657	24.0759200332362	5.0024	12.4637270479224	2.5502	18.230438421825	5.0354	4.33741493952653
4	13.379738470056	2.9699	14.3503819219759	3.3299	17.079108856704	4.7575	18.230438421825	5.0354	-0.387031505443184
4	12.4637270479224	2.5502	21.2088805341953	5.0618	14.3503819219759	3.3299	19.224655591225	5.1148	15.159646536426
4	32.1358667973548	4.8142	41.268650578523	4.4587	33.2579701211473	4.7983	40.2321252234567	4.5102	35.9813489518108
4	27.1598981566615	4.951	36.1462715000463	4.7753	28.1999503963234	4.9258	35.2072992693849	4.7922	47.050346650829
4	17.079108856704	4.7575	18.230438421825	5.0354	21.2088805341953	5.0618	22.1435398610462	5.0484	-0.592902769862463
4	10.6348372867451	1.8339	28.1999503963234	4.9258	18.230438421825	5.0354	20.1960928551799	5.0934	1.15810533584185
4	18.230438421825	5.0354	27.1598981566615	4.951	20.1960928551799	5.0934	25.1082852981913	4.98	14.9577609564142
4	28.1999503963234	4.9258	37.2096453017593	4.703	29.1241137785604	4.8883	36.1462715000463	4.7753	43.7001912730239
4	20.1960928551799	5.0934	29.1241137785604	4.8883	23.1317820936303	5.0042	26.1518228938566	4.9512	6.91140152565163
4	23.1317820936303	5.0042	24.0759200332362	5.0024	21.2088805341953	5.0618	22.1435398610462	5.0484	-8.8305489786425
4	26.1518228938566	4.9512	52.9224363598027	1.623	38.2188855428393	4.643	41.268650578523	4.4587	0.595110276747267
4	24.0759200332362	5.0024	42.2557860302273	4.3387	28.1999503963234	4.9258	38.2188855428393	4.643	8.49115558673075
4	21.2088805341953	5.0618	47.7696621374766	2.1986	27.1598981566615	4.951	42.2557860302273	4.3387	6.02144405134951
4	8.78639694834654	1.3924	26.1518228938566	4.9512	14.3503819219759	3.3299	20.1960928551799	5.0934	3.84129798620446
4	15.26797477545	3.8058	33.2579701211473	4.7983	17.079108856704	4.7575	31.0911450138482	4.8211	18.3627226126968
4	27.1598981566615	4.951	36.1462715000463	4.7753	30.1144829782938	4.8327	33.2579701211473	4.7983	6.29916555658317
4	28.1999503963234	4.9258	29.1241137785604	4.8883	24.0759200332362	5.0024	25.1082852981913	4.98	-0.676706588026229
4	20.1960928551799	5.0934	21.2088805341953	5.0618	24.0759200332362	5.0024	25.1082852981913	4.98	-0.635313182464971
4	27.1598981566615	4.951	45.1016905477049	3.0667	31.0911450138482	4.8211	41.268650578523	4.4587	8.30147298723288
4	11.6020687316456	2.1622	46.910409933248	2.5158	23.1317820936303	5.0042	35.2072992693849	4.7922	3.23190023225028
4	7.78475695356771	1.2303	34.2204124327666	4.7822	16.3147541657895	4.4181	25.1082852981913	4.98	2.7539403790321
4	18.230438421825	5.0354	27.1598981566615	4.951	21.2088805341953	5.0618	24.0759200332362	5.0024	6.6823620816734
4	14.3503819219759	3.3299	15.26797477545	3.8058	12.4637270479224	2.5502	13.379738470056	2.9699	-8.32792157786028
4	8.78639694834654	1.3924	26.1518228938566	4.9512	16.3147541657895	4.4181	18.230438421825	5.0354	0.897383150386961
4	11.6020687316456	2.1622	46.910409933248	2.5158	27.1598981566615	4.951	31.0911450138482	4.8211	0.939080924950371
4	18.230438421825	5.0354	27.1598981566615	4.951	22.1435398610462	5.0484	23.1317820936303	5.0042	1.98369905829752
4	8.78639694834654	1.3924	17.079108856704	4.7575	12.4637270479224	2.5502	13.379738470056	2.9699	2.85016345247678
4	28.1999503963234	4.9258	46.1325149868387	2.7728	30.1144829782938	4.8327	44.1201335060649	3.504	24.6927513084022
4	13.379738470056	2.9699	22.1435398610462	5.0484	16.3147541657895	4.4181	19.224655591225	5.1148	5.91013085719423
4	25.1082852981913	4.98	51.8545018599656	1.6344	28.1999503963234	4.9258	48.8899545193615	1.9997	21.7876578274984
4	10.6348372867451	1.8339	11.6020687316456	2.1622	14.3503819219759	3.3299	15.26797477545	3.8058	-0.584954377398517
4	25.1082852981913	4.98	51.8545018599656	1.6344	31.0911450138482	4.8211	46.1325149868387	2.7728	6.88725354311009
4	6.77119426866916	1.0657	42.2557860302273	4.3387	18.230438421825	5.0354	30.1144829782938	4.8327	2.59167560427521
4	11.6020687316456	2.1622	12.4637270479224	2.5502	13.379738470056	2.9699	14.3503819219759	3.3299	-5.94876115707449
4	31.0911450138482	4.8211	32.1358667973548	4.8142	27.1598981566615	4.951	28.1999503963234	4.9258	-0.579281750013265
4	24.0759200332362	5.0024	50.8204561800264	1.733	33.2579701211473	4.7983	42.2557860302273	4.3387	2.51199729419798
4	13.379738470056	2.9699	14.3503819219759	3.3299	11.6020687316456	2.1622	12.4637270479224	2.5502	-5.76969019574908
4	19.224655591225	5.1148	46.1325149868387	2.7728	22.1435398610462	5.0484	43.1699913815944	3.8625	15.4049004657116
4	32.1358667973548	4.8142	33.2579701211473	4.7983	28.1999503963234	4.9258	29.1241137785604	4.8883	-0.557864837473244
4	42.2557860302273	4.3387	50.8204561800264	1.733	45.1016905477049	3.0667	47.7696621374766	2.1986	14.0490709833372
4	14.3503819219759	3.3299	49.8420304649365	1.8621	18.230438421825	5.0354	46.1325149868387	2.7728	15.0104388017029
4	7.78475695356771	1.2303	43.1699913815944	3.8625	15.26797477545	3.8058	35.2072992693849	4.7922	5.62489265961407
4	19.224655591225	5.1148	28.1999503963234	4.9258	20.1960928551799	5.0934	27.1598981566615	4.951	41.096953572627
4	24.0759200332362	5.0024	33.2579701211473	4.7983	26.1518228938566	4.9512	31.0911450138482	4.8211	14.8543512192658
4	26.1518228938566	4.9512	35.2072992693849	4.7922	29.1241137785604	4.8883	32.1358667973548	4.8142	6.53733674507465
4	9.72443151907321	1.5693	45.1016905477049	3.0667	13.379738470056	2.9699	41.268650578523	4.4587	12.3092983901233
4	27.1598981566615	4.951	45.1016905477049	3.0667	29.1241137785604	4.8883	43.1699913815944	3.8625	21.694712697371
4	18.230438421825	5.0354	27.1598981566615	4.951	19.224655591225	5.1148	26.1518228938566	4.9512	43.4936539930635
4	11.6020687316456	2.1622	20.1960928551799	5.0934	12.4637270479224	2.5502	19.224655591225	5.1148	42.6897218587834
4	7.78475695356771	1.2303	16.3147541657895	4.4181	11.6020687316456	2.1622	12.4637270479224	2.5502	3.60038315533557
4	14.3503819219759	3.3299	23.1317820936303	5.0042	18.230438421825	5.0354	19.224655591225	5.1148	1.96688941266654
4	11.6020687316456	2.1622	12.4637270479224	2.5502	9.72443151907321	1.5693	10.6348372867451	1.8339	-9.96719052743138
4	12.4637270479224	2.5502	30.1144829782938	4.8327	16.3147541657895	4.4181	26.1518228938566	4.9512	7.76944953957927
4	14.3503819219759	3.3299	41.268650578523	4.4587	26.1518228938566	4.9512	29.1241137785604	4.8883	1.09454099713451
4	28.1999503963234	4.9258	37.2096453017593	4.703	30.1144829782938	4.8327	35.2072992693849	4.7922	15.1567597061649
4	41.268650578523	4.4587	42.2557860302273	4.3387	39.2592273170099	4.6108	40.2321252234567	4.5102	-7.09740959495041
4	44.1201335060649	3.504	52.9224363598027	1.623	47.7696621374766	2.1986	48.8899545193615	1.9997	5.66363225752122
4	11.6020687316456	2.1622	20.1960928551799	5.0934	15.26797477545	3.8058	16.3147541657895	4.4181	2.64787589104151
4	26.1518228938566	4.9512	27.1598981566615	4.951	22.1435398610462	5.0484	23.1317820936303	5.0042	-0.698510348448407
4	17.079108856704	4.7575	18.230438421825	5.0354	13.379738470056	2.9699	14.3503819219759	3.3299	-0.388892351792258
4	24.0759200332362	5.0024	33.2579701211473	4.7983	25.1082852981913	4.98	32.1358667973548	4.8142	39.2247940015673
4	15.26797477545	3.8058	24.0759200332362	5.0024	19.224655591225	5.1148	20.1960928551799	5.0934	1.69056170065055
4	19.224655591225	5.1148	28.1999503963234	4.9258	22.1435398610462	5.0484	25.1082852981913	4.98	7.03702327564129
4	16.3147541657895	4.4181	17.079108856704	4.7575	14.3503819219759	3.3299	15.26797477545	3.8058	-8.2102387817052
4	24.0759200332362	5.0024	33.2579701211473	4.7983	28.1999503963234	4.9258	29.1241137785604	4.8883	1.84748450864774
4	6.77119426866916	1.0657	33.2579701211473	4.7983	9.72443151907321	1.5693	30.1144829782938	4.8327	18.6037154149452
4	17.079108856704	4.7575	18.230438421825	5.0354	19.224655591225	5.1148	20.1960928551799	5.0934	-10.809623777807
4	21.2088805341953	5.0618	30.1144829782938	4.8327	23.1317820936303	5.0042	28.1999503963234	4.9258	14.4049255971752
4	11.6020687316456	2.1622	29.1241137785604	4.8883	13.379738470056	2.9699	27.1598981566615	4.951	19.0945440626885
4	22.1435398610462	5.0484	48.8899545193615	1.9997	34.2204124327666	4.7822	37.2096453017593	4.703	1.10285785084126
4	15.26797477545	3.8058	42.2557860302273	4.3387	27.1598981566615	4.951	30.1144829782938	4.8327	1.13126346713464
4	41.268650578523	4.4587	42.2557860302273	4.3387	37.2096453017593	4.703	38.2188855428393	4.643	-0.431842981520044
4	10.6348372867451	1.8339	37.2096453017593	4.703	16.3147541657895	4.4181	31.0911450138482	4.8211	6.10990345648311
4	10.6348372867451	1.8339	11.6020687316456	2.1622	6.77119426866916	1.0657	7.78475695356771	1.2303	-0.981798289437889
4	16.3147541657895	4.4181	51.8545018599656	1.6344	20.1960928551799	5.0934	47.7696621374766	2.1986	16.1713094719449
4	9.72443151907321	1.5693	45.1016905477049	3.0667	21.2088805341953	5.0618	33.2579701211473	4.7983	3.03009348067247
4	25.1082852981913	4.98	26.1518228938566	4.9512	29.1241137785604	4.8883	30.1144829782938	4.8327	-0.767399177491287
4	11.6020687316456	2.1622	12.4637270479224	2.5502	7.78475695356771	1.2303	8.78639694834654	1.3924	-1.10245799453366
4	13.379738470056	2.9699	31.0911450138482	4.8211	19.224655591225	5.1148	25.1082852981913	4.98	4.14484677112297
4	33.2579701211473	4.7983	42.2557860302273	4.3387	35.2072992693849	4.7922	40.2321252234567	4.5102	15.2431604089547
4	32.1358667973548	4.8142	33.2579701211473	4.7983	34.2204124327666	4.7822	35.2072992693849	4.7922	-11.9962962718636
4	17.079108856704	4.7575	35.2072992693849	4.7922	21.2088805341953	5.0618	31.0911450138482	4.8211	8.34787770897117
4	10.6348372867451	1.8339	28.1999503963234	4.9258	16.3147541657895	4.4181	22.1435398610462	5.0484	3.49735155459261
4	7.78475695356771	1.2303	16.3147541657895	4.4181	10.6348372867451	1.8339	13.379738470056	2.9699	10.3885792944651
4	6.77119426866916	1.0657	50.8204561800264	1.733	26.1518228938566	4.9512	31.0911450138482	4.8211	0.572273272939004
4	21.2088805341953	5.0618	39.2592273170099	4.6108	27.1598981566615	4.951	33.2579701211473	4.7983	3.64861142985993
4	9.72443151907321	1.5693	18.230438421825	5.0354	11.6020687316456	2.1622	16.3147541657895	4.4181	20.7608674971918
4	14.3503819219759	3.3299	23.1317820936303	5.0042	17.079108856704	4.7575	20.1960928551799	5.0934	5.65610498250082
4	16.3147541657895	4.4181	25.1082852981913	4.98	17.079108856704	4.7575	24.0759200332362	5.0024	48.1322304759346
4	21.2088805341953	5.0618	30.1144829782938	4.8327	22.1435398610462	5.0484	29.1241137785604	4.8883	35.6995274978084
4	25.1082852981913	4.98	43.1699913815944	3.8625	27.1598981566615	4.951	41.268650578523	4.4587	19.3648647645032
4	24.0759200332362	5.0024	42.2557860302273	4.3387	30.1144829782938	4.8327	36.1462715000463	4.7753	4.31237062296163
4	30.1144829782938	4.8327	39.2592273170099	4.6108	31.0911450138482	4.8211	38.2188855428393	4.643	36.6346094817999
4	15.26797477545	3.8058	33.2579701211473	4.7983	19.224655591225	5.1148	29.1241137785604	4.8883	8.14436232701533
4	13.379738470056	2.9699	22.1435398610462	5.0484	14.3503819219759	3.3299	21.2088805341953	5.0618	39.0788960755889
4	22.1435398610462	5.0484	23.1317820936303	5.0042	26.1518228938566	4.9512	27.1598981566615	4.951	-0.697774684718862
4	10.6348372867451	1.8339	11.6020687316456	2.1622	8.78639694834654	1.3924	9.72443151907321	1.5693	-5.55686171804075
4	25.1082852981913	4.98	26.1518228938566	4.9512	27.1598981566615	4.951	28.1999503963234	4.9258	-9.07926965921785
4	26.1518228938566	4.9512	35.2072992693849	4.7922	28.1999503963234	4.9258	33.2579701211473	4.7983	14.9788780634556
4	26.1518228938566	4.9512	52.9224363598027	1.623	29.1241137785604	4.8883	49.8420304649365	1.8621	22.9043104385025
4	9.72443151907321	1.5693	45.1016905477049	3.0667	17.079108856704	4.7575	37.2096453017593	4.703	6.07870751903426
4	28.1999503963234	4.9258	29.1241137785604	4.8883	26.1518228938566	4.9512	27.1598981566615	4.951	-7.80907293466574
4	7.78475695356771	1.2303	25.1082852981913	4.98	11.6020687316456	2.1622	21.2088805341953	5.0618	10.0005443528743
4	30.1144829782938	4.8327	47.7696621374766	2.1986	34.2204124327666	4.7822	44.1201335060649	3.504	9.26476817236922
4	20.1960928551799	5.0934	46.910409933248	2.5158	29.1241137785604	4.8883	38.2188855428393	4.643	3.55640681216499
4	26.1518228938566	4.9512	35.2072992693849	4.7922	30.1144829782938	4.8327	31.0911450138482	4.8211	1.90787180672027
4	46.910409933248	2.5158	47.7696621374766	2.1986	43.1699913815944	3.8625	44.1201335060649	3.504	-1.57594909563914
4	21.2088805341953	5.0618	47.7696621374766	2.1986	24.0759200332362	5.0024	45.1016905477049	3.0667	19.0962280087309
4	26.1518228938566	4.9512	52.9224363598027	1.623	35.2072992693849	4.7922	44.1201335060649	3.504	2.43137891423432
4	32.1358667973548	4.8142	49.8420304649365	1.8621	36.1462715000463	4.7753	46.1325149868387	2.7728	11.1485943092709
4	17.079108856704	4.7575	44.1201335060649	3.504	29.1241137785604	4.8883	32.1358667973548	4.8142	1.10736257270862
4	33.2579701211473	4.7983	50.8204561800264	1.733	41.268650578523	4.4587	43.1699913815944	3.8625	0.789175500501674
4	28.1999503963234	4.9258	46.1325149868387	2.7728	36.1462715000463	4.7753	38.2188855428393	4.643	1.36338492868099
4	6.77119426866916	1.0657	15.26797477545	3.8058	10.6348372867451	1.8339	11.6020687316456	2.1622	3.3713252249809
4	28.1999503963234	4.9258	46.1325149868387	2.7728	34.2204124327666	4.7822	40.2321252234567	4.5102	4.37161533827853
4	22.1435398610462	5.0484	40.2321252234567	4.5102	30.1144829782938	4.8327	32.1358667973548	4.8142	1.07073571800895
4	17.079108856704	4.7575	35.2072992693849	4.7922	25.1082852981913	4.98	27.1598981566615	4.951	1.30734411837879
4	14.3503819219759	3.3299	15.26797477545	3.8058	16.3147541657895	4.4181	17.079108856704	4.7575	-8.35302997284141
4	19.224655591225	5.1148	20.1960928551799	5.0934	21.2088805341953	5.0618	22.1435398610462	5.0484	-6.58650728692381
4	15.26797477545	3.8058	24.0759200332362	5.0024	17.079108856704	4.7575	22.1435398610462	5.0484	13.2347445684256
4	28.1999503963234	4.9258	46.1325149868387	2.7728	32.1358667973548	4.8142	42.2557860302273	4.3387	8.00750710665083
4	11.6020687316456	2.1622	29.1241137785604	4.8883	17.079108856704	4.7575	23.1317820936303	5.0042	3.71748568128717
4	29.1241137785604	4.8883	46.910409933248	2.5158	31.0911450138482	4.8211	45.1016905477049	3.0667	29.2878128224425
4	26.1518228938566	4.9512	27.1598981566615	4.951	28.1999503963234	4.9258	29.1241137785604	4.8883	-7.78525766051009
4	28.1999503963234	4.9258	29.1241137785604	4.8883	32.1358667973548	4.8142	33.2579701211473	4.7983	-0.557045485789684
4	29.1241137785604	4.8883	46.910409933248	2.5158	33.2579701211473	4.7983	43.1699913815944	3.8625	8.31069733878361
4	43.1699913815944	3.8625	44.1201335060649	3.504	46.910409933248	2.5158	47.7696621374766	2.1986	-1.561882867512
4	29.1241137785604	4.8883	46.910409933248	2.5158	37.2096453017593	4.703	39.2592273170099	4.6108	1.14580662437915
4	8.78639694834654	1.3924	44.1201335060649	3.504	12.4637270479224	2.5502	40.2321252234567	4.5102	13.4263826334117
4	13.379738470056	2.9699	22.1435398610462	5.0484	17.079108856704	4.7575	18.230438421825	5.0354	1.53105500551485
4	22.1435398610462	5.0484	23.1317820936303	5.0042	18.230438421825	5.0354	19.224655591225	5.1148	-0.795449735902497
4	15.26797477545	3.8058	42.2557860302273	4.3387	24.0759200332362	5.0024	33.2579701211473	4.7983	3.62020496348948
4	8.78639694834654	1.3924	52.9224363598027	1.623	18.230438421825	5.0354	43.1699913815944	3.8625	3.68426756236839
4	8.78639694834654	1.3924	52.9224363598027	1.623	23.1317820936303	5.0042	38.2188855428393	4.643	1.96776249576112
4	10.6348372867451	1.8339	37.2096453017593	4.703	13.379738470056	2.9699	34.2204124327666	4.7822	14.1864828335217
4	7.78475695356771	1.2303	25.1082852981913	4.98	13.379738470056	2.9699	19.224655591225	5.1148	3.91296257386344
4	11.6020687316456	2.1622	29.1241137785604	4.8883	19.224655591225	5.1148	21.2088805341953	5.0618	1.13911795154607
4	15.26797477545	3.8058	24.0759200332362	5.0024	16.3147541657895	4.4181	23.1317820936303	5.0042	37.1790007457867
4	25.1082852981913	4.98	26.1518228938566	4.9512	23.1317820936303	5.0042	24.0759200332362	5.0024	-9.41076364600187
4	15.26797477545	3.8058	24.0759200332362	5.0024	18.230438421825	5.0354	21.2088805341953	5.0618	6.16513698782447
4	23.1317820936303	5.0042	24.0759200332362	5.0024	25.1082852981913	4.98	26.1518228938566	4.9512	-9.3741240785282
4	23.1317820936303	5.0042	24.0759200332362	5.0024	27.1598981566615	4.951	28.1999503963234	4.9258	-0.736104038056045
4	9.72443151907321	1.5693	27.1598981566615	4.951	13.379738470056	2.9699	23.1317820936303	5.0042	7.95230237612843
4	6.77119426866916	1.0657	15.26797477545	3.8058	7.78475695356771	1.2303	14.3503819219759	3.3299	52.190365494529
4	9.72443151907321	1.5693	36.1462715000463	4.7753	21.2088805341953	5.0618	24.0759200332362	5.0024	1.02301665312794
4	28.1999503963234	4.9258	37.2096453017593	4.703	31.0911450138482	4.8211	34.2204124327666	4.7822	6.43058770685251
4	6.77119426866916	1.0657	42.2557860302273	4.3387	10.6348372867451	1.8339	38.2188855428393	4.643	14.3277678476906
4	20.1960928551799	5.0934	21.2088805341953	5.0618	22.1435398610462	5.0484	23.1317820936303	5.0042	-7.99605815134385
4	39.2592273170099	4.6108	47.7696621374766	2.1986	40.2321252234567	4.5102	46.910409933248	2.5158	75.4501818430943
4	34.2204124327666	4.7822	51.8545018599656	1.6344	36.1462715000463	4.7753	49.8420304649365	1.8621	35.4990019358656
4	11.6020687316456	2.1622	20.1960928551799	5.0934	13.379738470056	2.9699	18.230438421825	5.0354	14.3335525378369
4	44.1201335060649	3.504	52.9224363598027	1.623	46.1325149868387	2.7728	50.8204561800264	1.733	38.3867622845839
4	22.1435398610462	5.0484	40.2321252234567	4.5102	28.1999503963234	4.9258	34.2204124327666	4.7822	3.75113168881553
4	23.1317820936303	5.0042	24.0759200332362	5.0024	19.224655591225	5.1148	20.1960928551799	5.0934	-0.622572846586482
4	6.77119426866916	1.0657	15.26797477545	3.8058	8.78639694834654	1.3924	13.379738470056	2.9699	23.9807017064918
4	26.1518228938566	4.9512	27.1598981566615	4.951	30.1144829782938	4.8327	31.0911450138482	4.8211	-0.677155141272297
4	13.379738470056	2.9699	14.3503819219759	3.3299	9.72443151907321	1.5693	10.6348372867451	1.8339	-0.633363412251749
4	12.4637270479224	2.5502	30.1144829782938	4.8327	18.230438421825	5.0354	24.0759200332362	5.0024	4.08066023401029
4	6.77119426866916	1.0657	42.2557860302273	4.3387	22.1435398610462	5.0484	26.1518228938566	4.9512	0.86455899147863
4	16.3147541657895	4.4181	43.1699913815944	3.8625	19.224655591225	5.1148	40.2321252234567	4.5102	15.3182205207442
4	6.77119426866916	1.0657	15.26797477545	3.8058	9.72443151907321	1.5693	12.4637270479224	2.5502	12.4321163118903
4	46.910409933248	2.5158	47.7696621374766	2.1986	50.8204561800264	1.733	51.8545018599656	1.6344	-1.80705105197834
4	16.3147541657895	4.4181	17.079108856704	4.7575	20.1960928551799	5.0934	21.2088805341953	5.0618	-0.688987675673834
4	23.1317820936303	5.0042	41.268650578523	4.4587	31.0911450138482	4.8211	33.2579701211473	4.7983	1.0916617705602
4	18.230438421825	5.0354	36.1462715000463	4.7753	26.1518228938566	4.9512	28.1999503963234	4.9258	1.21645224665794
4	19.224655591225	5.1148	46.1325149868387	2.7728	28.1999503963234	4.9258	37.2096453017593	4.703	3.74079343235302
4	10.6348372867451	1.8339	37.2096453017593	4.703	22.1435398610462	5.0484	25.1082852981913	4.98	1.12849794314693
4	8.78639694834654	1.3924	26.1518228938566	4.9512	10.6348372867451	1.8339	24.0759200332362	5.0024	23.5752844161968
4	34.2204124327666	4.7822	35.2072992693849	4.7922	38.2188855428393	4.643	39.2592273170099	4.6108	-0.723379306482079
4	8.78639694834654	1.3924	26.1518228938566	4.9512	12.4637270479224	2.5502	22.1435398610462	5.0484	8.76439577704407
4	9.72443151907321	1.5693	27.1598981566615	4.951	15.26797477545	3.8058	21.2088805341953	5.0618	3.68420459119409
4	9.72443151907321	1.5693	27.1598981566615	4.951	17.079108856704	4.7575	19.224655591225	5.1148	1.0299373542615
4	17.079108856704	4.7575	26.1518228938566	4.9512	18.230438421825	5.0354	25.1082852981913	4.98	53.2834823990192
4	22.1435398610462	5.0484	31.0911450138482	4.8211	23.1317820936303	5.0042	30.1144829782938	4.8327	36.7863959551055
4	31.0911450138482	4.8211	40.2321252234567	4.5102	34.2204124327666	4.7822	37.2096453017593	4.703	7.27360478209749
4	17.079108856704	4.7575	26.1518228938566	4.9512	19.224655591225	5.1148	24.0759200332362	5.0024	15.7293880197715
4	17.079108856704	4.7575	26.1518228938566	4.9512	20.1960928551799	5.0934	23.1317820936303	5.0042	6.59324542012264
4	23.1317820936303	5.0042	41.268650578523	4.4587	29.1241137785604	4.8883	35.2072992693849	4.7922	3.9827335450567
4	13.379738470056	2.9699	40.2321252234567	4.5102	19.224655591225	5.1148	34.2204124327666	4.7822	6.84877501785844
4	13.379738470056	2.9699	40.2321252234567	4.5102	22.1435398610462	5.0484	31.0911450138482	4.8211	3.69305853008542
4	10.6348372867451	1.8339	28.1999503963234	4.9258	12.4637270479224	2.5502	26.1518228938566	4.9512	21.1644463391131
4	22.1435398610462	5.0484	48.8899545193615	1.9997	28.1999503963234	4.9258	43.1699913815944	3.8625	5.84416931562036
4	13.379738470056	2.9699	40.2321252234567	4.5102	25.1082852981913	4.98	28.1999503963234	4.9258	1.14949572861464
4	17.079108856704	4.7575	35.2072992693849	4.7922	19.224655591225	5.1148	33.2579701211473	4.7983	20.5296236923737
4	8.78639694834654	1.3924	17.079108856704	4.7575	9.72443151907321	1.5693	16.3147541657895	4.4181	53.4577174960324
4	17.079108856704	4.7575	52.9224363598027	1.623	21.2088805341953	5.0618	48.8899545193615	1.9997	17.061675075772
4	44.1201335060649	3.504	45.1016905477049	3.0667	46.1325149868387	2.7728	46.910409933248	2.5158	-28.9643558164884
4	17.079108856704	4.7575	52.9224363598027	1.623	25.1082852981913	4.98	45.1016905477049	3.0667	5.20528963758291
4	14.3503819219759	3.3299	15.26797477545	3.8058	18.230438421825	5.0354	19.224655591225	5.1148	-0.702784163256523
4	13.379738470056	2.9699	14.3503819219759	3.3299	15.26797477545	3.8058	16.3147541657895	4.4181	-9.22229685513836
4	46.1325149868387	2.7728	46.910409933248	2.5158	47.7696621374766	2.1986	48.8899545193615	1.9997	-23.0704550545837
4	17.079108856704	4.7575	52.9224363598027	1.623	33.2579701211473	4.7983	37.2096453017593	4.703	0.782812305362998
4	33.2579701211473	4.7983	50.8204561800264	1.733	39.2592273170099	4.6108	45.1016905477049	3.0667	4.36247402350574
4	10.6348372867451	1.8339	19.224655591225	5.1148	11.6020687316456	2.1622	18.230438421825	5.0354	48.5209136188941
4	43.1699913815944	3.8625	51.8545018599656	1.6344	44.1201335060649	3.504	50.8204561800264	1.733	94.7311080014578
4	12.4637270479224	2.5502	30.1144829782938	4.8327	14.3503819219759	3.3299	28.1999503963234	4.9258	19.1719937311678
4	23.1317820936303	5.0042	49.8420304649365	1.8621	35.2072992693849	4.7922	38.2188855428393	4.643	0.965478273608869
4	12.4637270479224	2.5502	30.1144829782938	4.8327	20.1960928551799	5.0934	22.1435398610462	5.0484	1.22030493986414
4	6.77119426866916	1.0657	50.8204561800264	1.733	11.6020687316456	2.1622	46.1325149868387	2.7728	12.4267729017755
4	37.2096453017593	4.703	38.2188855428393	4.643	33.2579701211473	4.7983	34.2204124327666	4.7822	-0.842179362504495
4	11.6020687316456	2.1622	38.2188855428393	4.643	14.3503819219759	3.3299	35.2072992693849	4.7922	14.2568007857399
4	16.3147541657895	4.4181	43.1699913815944	3.8625	25.1082852981913	4.98	34.2204124327666	4.7822	3.74600009055082
4	11.6020687316456	2.1622	38.2188855428393	4.643	23.1317820936303	5.0042	26.1518228938566	4.9512	1.16724784235441
4	25.1082852981913	4.98	34.2204124327666	4.7822	26.1518228938566	4.9512	33.2579701211473	4.7983	44.0463109147051
4	15.26797477545	3.8058	33.2579701211473	4.7983	21.2088805341953	5.0618	27.1598981566615	4.951	4.32342539655154
4	18.230438421825	5.0354	36.1462715000463	4.7753	20.1960928551799	5.0934	34.2204124327666	4.7822	20.3679955796555
4	28.1999503963234	4.9258	37.2096453017593	4.703	32.1358667973548	4.8142	33.2579701211473	4.7983	1.81978812779632
4	18.230438421825	5.0354	36.1462715000463	4.7753	22.1435398610462	5.0484	32.1358667973548	4.8142	7.98835284913632
4	13.379738470056	2.9699	40.2321252234567	4.5102	16.3147541657895	4.4181	37.2096453017593	4.703	13.765240929935
4	18.230438421825	5.0354	36.1462715000463	4.7753	24.0759200332362	5.0024	30.1144829782938	4.8327	4.0075128148599
4	32.1358667973548	4.8142	33.2579701211473	4.7983	36.1462715000463	4.7753	37.2096453017593	4.703	-0.808144050050032
4	14.3503819219759	3.3299	41.268650578523	4.4587	17.079108856704	4.7575	38.2188855428393	4.643	13.5188876625402
4	16.3147541657895	4.4181	51.8545018599656	1.6344	32.1358667973548	4.8142	36.1462715000463	4.7753	0.808194888623081
4	14.3503819219759	3.3299	41.268650578523	4.4587	23.1317820936303	5.0042	32.1358667973548	4.8142	3.61490362397112
4	21.2088805341953	5.0618	39.2592273170099	4.6108	23.1317820936303	5.0042	37.2096453017593	4.703	19.6488464204216
4	16.3147541657895	4.4181	43.1699913815944	3.8625	22.1435398610462	5.0484	37.2096453017593	4.703	7.78746357742818
4	17.079108856704	4.7575	44.1201335060649	3.504	23.1317820936303	5.0042	38.2188855428393	4.643	7.68795137668403
4	17.079108856704	4.7575	44.1201335060649	3.504	26.1518228938566	4.9512	35.2072992693849	4.7922	3.78319102279701
4	22.1435398610462	5.0484	48.8899545193615	1.9997	31.0911450138482	4.8211	40.2321252234567	4.5102	3.06091911964144
4	18.230438421825	5.0354	45.1016905477049	3.0667	21.2088805341953	5.0618	42.2557860302273	4.3387	14.066335411009
4	10.6348372867451	1.8339	28.1999503963234	4.9258	14.3503819219759	3.3299	24.0759200332362	5.0024	8.32006642312487
4	8.78639694834654	1.3924	44.1201335060649	3.504	24.0759200332362	5.0024	28.1999503963234	4.9258	0.945861696988283
4	18.230438421825	5.0354	45.1016905477049	3.0667	27.1598981566615	4.951	36.1462715000463	4.7753	3.76979488566188
4	23.1317820936303	5.0042	49.8420304649365	1.8621	32.1358667973548	4.8142	41.268650578523	4.4587	2.81721917664284
4	18.230438421825	5.0354	45.1016905477049	3.0667	30.1144829782938	4.8327	33.2579701211473	4.7983	1.03555642603645
4	8.78639694834654	1.3924	35.2072992693849	4.7922	14.3503819219759	3.3299	29.1241137785604	4.8883	6.20190665824167
4	29.1241137785604	4.8883	30.1144829782938	4.8327	31.0911450138482	4.8211	32.1358667973548	4.8142	-6.3082958675825
4	25.1082852981913	4.98	34.2204124327666	4.7822	27.1598981566615	4.951	32.1358667973548	4.8142	14.6792891305314
4	15.26797477545	3.8058	33.2579701211473	4.7983	23.1317820936303	5.0042	25.1082852981913	4.98	1.42142114271531
4	25.1082852981913	4.98	34.2204124327666	4.7822	28.1999503963234	4.9258	31.0911450138482	4.8211	6.67104057220844
4	9.72443151907321	1.5693	36.1462715000463	4.7753	15.26797477545	3.8058	30.1144829782938	4.8327	6.17163612835411
4	40.2321252234567	4.5102	41.268650578523	4.4587	36.1462715000463	4.7753	37.2096453017593	4.703	-0.672765875177772
4	25.1082852981913	4.98	34.2204124327666	4.7822	29.1241137785604	4.8883	30.1144829782938	4.8327	2.12839519292258
4	34.2204124327666	4.7822	43.1699913815944	3.8625	35.2072992693849	4.7922	42.2557860302273	4.3387	44.452786994236
4	25.1082852981913	4.98	51.8545018599656	1.6344	34.2204124327666	4.7822	43.1699913815944	3.8625	2.38432368470118
4	20.1960928551799	5.0934	21.2088805341953	5.0618	18.230438421825	5.0354	19.224655591225	5.1148	-10.0729069259925
4	19.224655591225	5.1148	20.1960928551799	5.0934	15.26797477545	3.8058	16.3147541657895	4.4181	-0.961590981600393
4	30.1144829782938	4.8327	47.7696621374766	2.1986	36.1462715000463	4.7753	42.2557860302273	4.3387	3.40107333193751
4	19.224655591225	5.1148	20.1960928551799	5.0934	17.079108856704	4.7575	18.230438421825	5.0354	-10.8739701671621
4	23.1317820936303	5.0042	49.8420304649365	1.8621	29.1241137785604	4.8883	44.1201335060649	3.504	6.03469303161098
4	26.1518228938566	4.9512	44.1201335060649	3.504	30.1144829782938	4.8327	40.2321252234567	4.5102	8.72821050878756
4	9.72443151907321	1.5693	36.1462715000463	4.7753	18.230438421825	5.0354	27.1598981566615	4.951	3.14912838927194
4	35.2072992693849	4.7922	52.9224363598027	1.623	43.1699913815944	3.8625	45.1016905477049	3.0667	1.88558717832915
4	12.4637270479224	2.5502	21.2088805341953	5.0618	15.26797477545	3.8058	18.230438421825	5.0354	6.60089672426165
4	10.6348372867451	1.8339	11.6020687316456	2.1622	12.4637270479224	2.5502	13.379738470056	2.9699	-8.41157750875901
4	29.1241137785604	4.8883	38.2188855428393	4.643	30.1144829782938	4.8327	37.2096453017593	4.703	35.8392326596525
4	24.0759200332362	5.0024	42.2557860302273	4.3387	26.1518228938566	4.9512	40.2321252234567	4.5102	19.413508918518
4	34.2204124327666	4.7822	43.1699913815944	3.8625	36.1462715000463	4.7753	41.268650578523	4.4587	15.631393352972
4	29.1241137785604	4.8883	38.2188855428393	4.643	31.0911450138482	4.8211	36.1462715000463	4.7753	14.6435373804979
4	29.1241137785604	4.8883	38.2188855428393	4.643	32.1358667973548	4.8142	35.2072992693849	4.7922	6.73731219966697
4	31.0911450138482	4.8211	32.1358667973548	4.8142	29.1241137785604	4.8883	30.1144829782938	4.8327	-6.26882042608707
4	26.1518228938566	4.9512	27.1598981566615	4.951	24.0759200332362	5.0024	25.1082852981913	4.98	-8.87537381895492
4	34.2204124327666	4.7822	43.1699913815944	3.8625	38.2188855428393	4.643	39.2592273170099	4.6108	1.84367565730821
4	29.1241137785604	4.8883	38.2188855428393	4.643	33.2579701211473	4.7983	34.2204124327666	4.7822	2.09308686499177
4	7.78475695356771	1.2303	43.1699913815944	3.8625	11.6020687316456	2.1622	39.2592273170099	4.6108	14.1579191786764
4	34.2204124327666	4.7822	43.1699913815944	3.8625	37.2096453017593	4.703	40.2321252234567	4.5102	6.64249835734744
4	7.78475695356771	1.2303	43.1699913815944	3.8625	19.224655591225	5.1148	31.0911450138482	4.8211	2.77553868625778
4	40.2321252234567	4.5102	48.8899545193615	1.9997	44.1201335060649	3.504	45.1016905477049	3.0667	4.73772648134702
4	8.78639694834654	1.3924	44.1201335060649	3.504	16.3147541657895	4.4181	36.1462715000463	4.7753	5.88102382197769
4	35.2072992693849	4.7922	44.1201335060649	3.504	38.2188855428393	4.643	41.268650578523	4.4587	6.55705961645908
4	25.1082852981913	4.98	43.1699913815944	3.8625	33.2579701211473	4.7983	35.2072992693849	4.7922	1.51377914632996
4	8.78639694834654	1.3924	44.1201335060649	3.504	20.1960928551799	5.0934	32.1358667973548	4.8142	2.94694739407528
4	10.6348372867451	1.8339	46.1325149868387	2.7728	18.230438421825	5.0354	38.2188855428393	4.643	6.36688866014994
4	10.6348372867451	1.8339	46.1325149868387	2.7728	22.1435398610462	5.0484	34.2204124327666	4.7822	3.2112327616905
4	10.6348372867451	1.8339	46.1325149868387	2.7728	26.1518228938566	4.9512	30.1144829782938	4.8327	0.962252722917324
4	22.1435398610462	5.0484	31.0911450138482	4.8211	24.0759200332362	5.0024	29.1241137785604	4.8883	13.737438058957
4	20.1960928551799	5.0934	46.910409933248	2.5158	23.1317820936303	5.0042	44.1201335060649	3.504	16.3474976991363
4	46.1325149868387	2.7728	46.910409933248	2.5158	42.2557860302273	4.3387	43.1699913815944	3.8625	-1.26188047080587
4	21.2088805341953	5.0618	39.2592273170099	4.6108	25.1082852981913	4.98	35.2072992693849	4.7922	7.95704958596035
4	31.0911450138482	4.8211	40.2321252234567	4.5102	35.2072992693849	4.7922	36.1462715000463	4.7753	2.26958021450326
4	22.1435398610462	5.0484	31.0911450138482	4.8211	25.1082852981913	4.98	28.1999503963234	4.9258	6.40590190742807
4	36.1462715000463	4.7753	45.1016905477049	3.0667	40.2321252234567	4.5102	41.268650578523	4.4587	1.7858968809697
4	12.4637270479224	2.5502	47.7696621374766	2.1986	16.3147541657895	4.4181	44.1201335060649	3.504	12.8859116969702
4	12.4637270479224	2.5502	47.7696621374766	2.1986	24.0759200332362	5.0024	36.1462715000463	4.7753	3.23539324150808
4	10.6348372867451	1.8339	19.224655591225	5.1148	13.379738470056	2.9699	16.3147541657895	4.4181	7.76558603277313
4	43.1699913815944	3.8625	51.8545018599656	1.6344	46.1325149868387	2.7728	48.8899545193615	1.9997	16.2532435118712
4	19.224655591225	5.1148	20.1960928551799	5.0934	23.1317820936303	5.0042	24.0759200332362	5.0024	-0.623769971378277
4	12.4637270479224	2.5502	47.7696621374766	2.1986	28.1999503963234	4.9258	32.1358667973548	4.8142	0.901747471838461
4	29.1241137785604	4.8883	30.1144829782938	4.8327	27.1598981566615	4.951	28.1999503963234	4.9258	-7.8813667064795
4	44.1201335060649	3.504	45.1016905477049	3.0667	47.7696621374766	2.1986	48.8899545193615	1.9997	-2.5914494327334
4	11.6020687316456	2.1622	12.4637270479224	2.5502	15.26797477545	3.8058	16.3147541657895	4.4181	-0.819205263347307
4	43.1699913815944	3.8625	44.1201335060649	3.504	45.1016905477049	3.0667	46.1325149868387	2.7728	-18.9879383609453
4	9.72443151907321	1.5693	45.1016905477049	3.0667	25.1082852981913	4.98	29.1241137785604	4.8883	0.931664332276027
4	16.3147541657895	4.4181	51.8545018599656	1.6344	24.0759200332362	5.0024	44.1201335060649	3.504	5.01918219491279
4	16.3147541657895	4.4181	51.8545018599656	1.6344	28.1999503963234	4.9258	40.2321252234567	4.5102	2.3807787503322
4	25.1082852981913	4.98	51.8545018599656	1.6344	37.2096453017593	4.703	40.2321252234567	4.5102	0.680174241116669
4	15.26797477545	3.8058	50.8204561800264	1.733	27.1598981566615	4.951	39.2592273170099	4.6108	2.55144601842335
4	40.2321252234567	4.5102	41.268650578523	4.4587	42.2557860302273	4.3387	43.1699913815944	3.8625	-10.727380421348
4	35.2072992693849	4.7922	36.1462715000463	4.7753	37.2096453017593	4.703	38.2188855428393	4.643	-11.8553555214724
4	13.379738470056	2.9699	48.8899545193615	1.9997	21.2088805341953	5.0618	41.268650578523	4.4587	5.8781350250457
4	36.1462715000463	4.7753	45.1016905477049	3.0667	38.2188855428393	4.643	43.1699913815944	3.8625	16.7538787314274
4	20.1960928551799	5.0934	29.1241137785604	4.8883	21.2088805341953	5.0618	28.1999503963234	4.9258	37.1726657260327
4	20.1960928551799	5.0934	29.1241137785604	4.8883	22.1435398610462	5.0484	27.1598981566615	4.951	15.101843049892
4	20.1960928551799	5.0934	29.1241137785604	4.8883	24.0759200332362	5.0024	25.1082852981913	4.98	2.02678472437161
4	9.72443151907321	1.5693	36.1462715000463	4.7753	12.4637270479224	2.5502	33.2579701211473	4.7983	14.6188389814888
4	35.2072992693849	4.7922	36.1462715000463	4.7753	31.0911450138482	4.8211	32.1358667973548	4.8142	-0.67484228784049
4	6.77119426866916	1.0657	50.8204561800264	1.733	16.3147541657895	4.4181	41.268650578523	4.4587	3.5832253327091
4	6.77119426866916	1.0657	50.8204561800264	1.733	21.2088805341953	5.0618	36.1462715000463	4.7753	1.96195516934806
4	7.78475695356771	1.2303	51.8545018599656	1.6344	12.4637270479224	2.5502	46.910409933248	2.5158	12.4713365193362
4	7.78475695356771	1.2303	51.8545018599656	1.6344	17.079108856704	4.7575	42.2557860302273	4.3387	3.53394141632712
4	7.78475695356771	1.2303	51.8545018599656	1.6344	22.1435398610462	5.0484	37.2096453017593	4.703	1.97242336654394
4	26.1518228938566	4.9512	44.1201335060649	3.504	32.1358667973548	4.8142	38.2188855428393	4.643	4.70103806633305
4	47.7696621374766	2.1986	48.8899545193615	1.9997	46.1325149868387	2.7728	46.910409933248	2.5158	-23.0697816668116
4	8.78639694834654	1.3924	52.9224363598027	1.623	28.1999503963234	4.9258	33.2579701211473	4.7983	0.546215425225975
4	39.2592273170099	4.6108	47.7696621374766	2.1986	41.268650578523	4.4587	46.1325149868387	2.7728	27.0940478603268
4	39.2592273170099	4.6108	47.7696621374766	2.1986	43.1699913815944	3.8625	44.1201335060649	3.504	3.20328374152494
4	22.1435398610462	5.0484	31.0911450138482	4.8211	26.1518228938566	4.9512	27.1598981566615	4.951	1.88688443919562
4	46.910409933248	2.5158	47.7696621374766	2.1986	45.1016905477049	3.0667	46.1325149868387	2.7728	-19.6385747298954
4	46.910409933248	2.5158	47.7696621374766	2.1986	48.8899545193615	1.9997	49.8420304649365	1.8621	-20.7556085326629
4	34.2204124327666	4.7822	35.2072992693849	4.7922	30.1144829782938	4.8327	31.0911450138482	4.8211	-0.727859838446543
4	35.2072992693849	4.7922	44.1201335060649	3.504	37.2096453017593	4.703	42.2557860302273	4.3387	15.1843512202256
4	34.2204124327666	4.7822	35.2072992693849	4.7922	36.1462715000463	4.7753	37.2096453017593	4.703	-14.4548476955648
4	38.2188855428393	4.643	39.2592273170099	4.6108	42.2557860302273	4.3387	43.1699913815944	3.8625	-0.541444449972563
4	36.1462715000463	4.7753	45.1016905477049	3.0667	39.2592273170099	4.6108	42.2557860302273	4.3387	6.08115933011361
4	35.2072992693849	4.7922	36.1462715000463	4.7753	33.2579701211473	4.7983	34.2204124327666	4.7822	-12.9357340659263
4	17.079108856704	4.7575	44.1201335060649	3.504	20.1960928551799	5.0934	41.268650578523	4.4587	15.1385047599041
4	35.2072992693849	4.7922	36.1462715000463	4.7753	39.2592273170099	4.6108	40.2321252234567	4.5102	-0.890939201791694
4	38.2188855428393	4.643	46.910409933248	2.5158	39.2592273170099	4.6108	46.1325149868387	2.7728	69.2584536713147
4	38.2188855428393	4.643	46.910409933248	2.5158	41.268650578523	4.4587	44.1201335060649	3.504	8.35662971544588
4	12.4637270479224	2.5502	21.2088805341953	5.0618	16.3147541657895	4.4181	17.079108856704	4.7575	1.63032983615899
4	37.2096453017593	4.703	38.2188855428393	4.643	35.2072992693849	4.7922	36.1462715000463	4.7753	-11.8972634870076
4	37.2096453017593	4.703	38.2188855428393	4.643	39.2592273170099	4.6108	40.2321252234567	4.5102	-8.24060575796092
4	37.2096453017593	4.703	38.2188855428393	4.643	41.268650578523	4.4587	42.2557860302273	4.3387	-0.434014192602196
4	21.2088805341953	5.0618	30.1144829782938	4.8327	25.1082852981913	4.98	26.1518228938566	4.9512	1.97463604866921
4	11.6020687316456	2.1622	29.1241137785604	4.8883	15.26797477545	3.8058	25.1082852981913	4.98	8.20057362510729
4	46.1325149868387	2.7728	46.910409933248	2.5158	44.1201335060649	3.504	45.1016905477049	3.0667	-28.4375279582656
4	46.1325149868387	2.7728	46.910409933248	2.5158	49.8420304649365	1.8621	50.8204561800264	1.733	-2.45754769715743
4	16.3147541657895	4.4181	34.2204124327666	4.7822	22.1435398610462	5.0484	28.1999503963234	4.9258	4.41317119285068
4	38.2188855428393	4.643	39.2592273170099	4.6108	36.1462715000463	4.7753	37.2096453017593	4.703	-7.35389037265905
4	12.4637270479224	2.5502	39.2592273170099	4.6108	15.26797477545	3.8058	36.1462715000463	4.7753	14.7671605322711
4	38.2188855428393	4.643	39.2592273170099	4.6108	34.2204124327666	4.7822	35.2072992693849	4.7922	-0.725385210469572
4	38.2188855428393	4.643	39.2592273170099	4.6108	40.2321252234567	4.5102	41.268650578523	4.4587	-8.35905067087233
4	35.2072992693849	4.7922	44.1201335060649	3.504	39.2592273170099	4.6108	40.2321252234567	4.5102	2.09400736044377
4	40.2321252234567	4.5102	48.8899545193615	1.9997	41.268650578523	4.4587	47.7696621374766	2.1986	72.7214431526957
4	40.2321252234567	4.5102	41.268650578523	4.4587	44.1201335060649	3.504	45.1016905477049	3.0667	-0.711441273472427
4	22.1435398610462	5.0484	48.8899545193615	1.9997	25.1082852981913	4.98	46.1325149868387	2.7728	19.9691715206932
4	47.7696621374766	2.1986	48.8899545193615	1.9997	44.1201335060649	3.504	45.1016905477049	3.0667	-2.54729994106066
4	47.7696621374766	2.1986	48.8899545193615	1.9997	49.8420304649365	1.8621	50.8204561800264	1.733	-22.4820954564697
4	13.379738470056	2.9699	48.8899545193615	1.9997	29.1241137785604	4.8883	33.2579701211473	4.7983	0.861850656501497
4	47.7696621374766	2.1986	48.8899545193615	1.9997	51.8545018599656	1.6344	52.9224363598027	1.623	-1.99254338346924
4	10.6348372867451	1.8339	19.224655591225	5.1148	12.4637270479224	2.5502	17.079108856704	4.7575	17.8682019288574
4	15.26797477545	3.8058	50.8204561800264	1.733	23.1317820936303	5.0042	43.1699913815944	3.8625	5.04891899585189
4	43.1699913815944	3.8625	51.8545018599656	1.6344	45.1016905477049	3.0667	49.8420304649365	1.8621	33.3206982259285
4	43.1699913815944	3.8625	51.8545018599656	1.6344	46.910409933248	2.5158	47.7696621374766	2.1986	4.52431089246956
4	43.1699913815944	3.8625	44.1201335060649	3.504	41.268650578523	4.4587	42.2557860302273	4.3387	-7.64919097941192
4	31.0911450138482	4.8211	32.1358667973548	4.8142	35.2072992693849	4.7922	36.1462715000463	4.7753	-0.675666486261803
4	31.0911450138482	4.8211	40.2321252234567	4.5102	33.2579701211473	4.7983	38.2188855428393	4.643	14.9702310508269
4	44.1201335060649	3.504	52.9224363598027	1.623	45.1016905477049	3.0667	51.8545018599656	1.6344	83.1042807428674
Topography in separate list
2
48
6.77119426866916	1.0657
7.78475695356771	1.2303
8.78639694834654	1.3924
9.72443151907321	1.5693
10.6348372867451	1.8339
11.6020687316456	2.1622
12.4637270479224	2.5502
13.379738470056	2.9699
14.3503819219759	3.3299
15.26797477545	3.8058
16.3147541657895	4.4181
17.079108856704	4.7575
18.230438421825	5.0354
19.224655591225	5.1148
20.1960928551799	5.0934
21.2088805341953	5.0618
22.1435398610462	5.0484
23.1317820936303	5.0042
24.0759200332362	5.0024
25.1082852981913	4.98
26.1518228938566	4.9512
27.1598981566615	4.951
28.1999503963234	4.9258
29.1241137785604	4.8883
30.1144829782938	4.8327
31.0911450138482	4.8211
32.1358667973548	4.8142
33.2579701211473	4.7983
34.2204124327666	4.7822
35.2072992693849	4.7922
36.1462715000463	4.7753
37.2096453017593	4.703
38.2188855428393	4.643
39.2592273170099	4.6108
40.2321252234567	4.5102
41.268650578523	4.4587
42.2557860302273	4.3387
43.1699913815944	3.8625
44.1201335060649	3.504
45.1016905477049	3.0667
46.1325149868387	2.7728
46.910409933248	2.5158
47.7696621374766	2.1986
48.8899545193615	1.9997
49.8420304649365	1.8621
50.8204561800264	1.733
51.8545018599656	1.6344
52.9224363598027	1.623
1
0
0
0
0
0
0
0
0
