0.000000000000000000e+00	0.000000000000000000e+00
4.023583598881636525e-01	7.770000000000010232e-02
9.013662157842978750e-01	1.074000000000001620e-01
1.354057954051524959e+00	2.021999999999994913e-01
1.936090564899187960e+00	2.419000000000002260e-01
2.435612226048705864e+00	3.286999999999995481e-01
2.833764207098091958e+00	3.418999999999998707e-01
3.369376202946975596e+00	3.978999999999999204e-01
3.878921343356005025e+00	4.683999999999999275e-01
4.184056870628192648e+00	5.679999999999996163e-01
4.760767447956481213e+00	6.702000000000003510e-01
5.116852886822245594e+00	7.813999999999996504e-01
5.760268374958590343e+00	9.069000000000002615e-01
6.285252955569815114e+00	1.006000000000000227e+00
6.771194268669158411e+00	1.065699999999999648e+00
7.281492848275538776e+00	1.159499999999999975e+00
7.784756953567708138e+00	1.230299999999999727e+00
8.205693065444032541e+00	1.296100000000000030e+00
8.786396948346540725e+00	1.392399999999999860e+00
9.171099755748016946e+00	1.445399999999999796e+00
9.724431519073213792e+00	1.569300000000000139e+00
1.023001633871766103e+01	1.673999999999999932e+00
1.063483728674508910e+01	1.833899999999999864e+00
1.113272598941309255e+01	1.959899999999999753e+00
1.160206873164557706e+01	2.162199999999999900e+00
1.201858140870326963e+01	2.323199999999999932e+00
1.246372704792240071e+01	2.550199999999999800e+00
1.291383285747008891e+01	2.729200000000000070e+00
1.337973847005603112e+01	2.969899999999999984e+00
1.394006984547522698e+01	3.168099999999999916e+00
1.435038192197589879e+01	3.329899999999999860e+00
1.487450157406145657e+01	3.527499999999999858e+00
1.526797477544997506e+01	3.805799999999999628e+00
1.563777960200789963e+01	3.966400000000000148e+00
1.631475416578951254e+01	4.418099999999999916e+00
1.674413423059742101e+01	4.553099999999999703e+00
1.707910885670399992e+01	4.757500000000000284e+00
1.762119823124064055e+01	4.846700000000000230e+00
1.823043842182501706e+01	5.035400000000000098e+00
1.866351029830156349e+01	5.084600000000000009e+00
1.922465559122495193e+01	5.114799999999999791e+00
1.973596895899146730e+01	5.104300000000000281e+00
2.019609285517988440e+01	5.093399999999999928e+00
2.070932404114430980e+01	5.080199999999999605e+00
2.120888053419528418e+01	5.061799999999999855e+00
2.171211431704603001e+01	5.049699999999999633e+00
2.214353986104624994e+01	5.048399999999999999e+00
2.268512804392986126e+01	5.025599999999999845e+00
2.313178209363034199e+01	5.004199999999999982e+00
2.360483990167682933e+01	4.995300000000000296e+00
2.407592003323620489e+01	5.002399999999999736e+00
2.466765139116184358e+01	4.978200000000000180e+00
2.510828529819127297e+01	4.979999999999999538e+00
2.561112722132257957e+01	4.971999999999999531e+00
2.615182289385662529e+01	4.951200000000000045e+00
2.669469415837414061e+01	4.966300000000000381e+00
2.715989815666152296e+01	4.950999999999999623e+00
2.766801378324386818e+01	4.907999999999999474e+00
2.819995039632340195e+01	4.925799999999999734e+00
2.868190671158649607e+01	4.897700000000000387e+00
2.912411377856039252e+01	4.888300000000000090e+00
2.957628818061485276e+01	4.875799999999999912e+00
3.011448297829384302e+01	4.832699999999999996e+00
3.058817169438898631e+01	4.836800000000000210e+00
3.109114501384820883e+01	4.821099999999999497e+00
3.168182763570880667e+01	4.781799999999999606e+00
3.213586679735475826e+01	4.814199999999999591e+00
3.266909980432849636e+01	4.839299999999999713e+00
3.325797012114733064e+01	4.798300000000000232e+00
3.369011043403365591e+01	4.806000000000000050e+00
3.422041243276657241e+01	4.782199999999999562e+00
3.470245418439259311e+01	4.782999999999999474e+00
3.520729926938493293e+01	4.792200000000000237e+00
3.569493566033268195e+01	4.793000000000000149e+00
3.614627150004628220e+01	4.775299999999999656e+00
3.672739325151130885e+01	4.730599999999999916e+00
3.720964530175928076e+01	4.703000000000000291e+00
3.774070164530385085e+01	4.665199999999999569e+00
3.821888554283927419e+01	4.642999999999999794e+00
3.876956762926054978e+01	4.652000000000000135e+00
3.925922731700988777e+01	4.610800000000000232e+00
3.974882920637077177e+01	4.568900000000000183e+00
4.023212522345666287e+01	4.510200000000000209e+00
4.077305068954655809e+01	4.466699999999999449e+00
4.126865057852300822e+01	4.458700000000000330e+00
4.179435970904988551e+01	4.398399999999999643e+00
4.225578603022729851e+01	4.338700000000000223e+00
4.265875656276396199e+01	4.228099999999999525e+00
4.316999138159444271e+01	3.862499999999999822e+00
4.372304238302961465e+01	3.740099999999999980e+00
4.412013350606493844e+01	3.504000000000000004e+00
4.461065033563019000e+01	3.258899999999999686e+00
4.510169054770492636e+01	3.066699999999999982e+00
4.562245710775014373e+01	2.917799999999999727e+00
4.613251498683866458e+01	2.772800000000000153e+00
4.638278332251969971e+01	2.654900000000000038e+00
4.691040993324801889e+01	2.515800000000000036e+00
4.730144585209838937e+01	2.348100000000000076e+00
4.776966213747659395e+01	2.198599999999999888e+00
4.828868911173523770e+01	2.087899999999999867e+00
4.888995451936153103e+01	1.999699999999999811e+00
4.932397138539422343e+01	1.932900000000000063e+00
4.984203046493652778e+01	1.862099999999999866e+00
5.026837755360697457e+01	1.776299999999999990e+00
5.082045618002644005e+01	1.733000000000000096e+00
5.136842264808385750e+01	1.674399999999999888e+00
5.185450185996563022e+01	1.634399999999999853e+00
5.238084277595440597e+01	1.671899999999999942e+00
5.292243635980265282e+01	1.622999999999999776e+00
5.344338910228461259e+01	1.609999999999999876e+00
5.391656771526167802e+01	1.523499999999999854e+00
5.449459561263455498e+01	1.428900000000000059e+00
5.489678498350128422e+01	1.385599999999999721e+00
5.540110639890148292e+01	1.358400000000000052e+00
5.594041388067586240e+01	1.342000000000000082e+00
5.646505276625752145e+01	1.340700000000000003e+00
5.689300282143226895e+01	1.322200000000000042e+00
5.740177279888064987e+01	1.261099999999999888e+00
5.786801875337717860e+01	1.295100000000000140e+00
5.835468204561483674e+01	1.302499999999999769e+00
100				-1
